
 S matrix before diagonalization

        1.000001        0.902940        0.960982        0.784726        0.000000        0.000000        0.000000        0.000000        0.000000        0.000000        0.000000        0.000000        0.000000        0.588148        0.000000        0.000000        0.588148        0.000000        0.588148        0.626513        0.000000        0.000000        0.626513        0.000000        0.626513        0.000000        0.000000        0.000000        0.000000        0.000000        0.000000        0.000000        0.000000        0.000000        0.000000
        0.902940        1.000000        0.805909        0.471756        0.000000        0.000000        0.000000        0.000000        0.000000        0.000000        0.000000        0.000000        0.000000        0.705868        0.000000        0.000000        0.705868        0.000000        0.705868        0.491694        0.000000        0.000000        0.491694        0.000000        0.491694        0.000000        0.000000        0.000000        0.000000        0.000000        0.000000        0.000000        0.000000        0.000000        0.000000
        0.960982        0.805909        1.000000        0.813460        0.000000        0.000000        0.000000        0.000000        0.000000        0.000000        0.000000        0.000000        0.000000        0.510981        0.000000        0.000000        0.510981        0.000000        0.510981        0.709115        0.000000        0.000000        0.709115        0.000000        0.709115        0.000000        0.000000        0.000000        0.000000        0.000000        0.000000        0.000000        0.000000        0.000000        0.000000
        0.784726        0.471756        0.813460        1.000000        0.000000        0.000000        0.000000        0.000000        0.000000        0.000000        0.000000        0.000000        0.000000        0.276075        0.000000        0.000000        0.276075        0.000000        0.276075        0.554865        0.000000        0.000000        0.554865        0.000000        0.554865        0.000000        0.000000        0.000000        0.000000        0.000000        0.000000        0.000000        0.000000        0.000000        0.000000
        0.000000        0.000000        0.000000        0.000000        1.000000        0.000000        0.000000        0.638636        0.000000        0.000000        0.233717        0.000000        0.000000        0.000000        0.000000        0.000000        0.000000        0.000000        0.000000        0.000000        0.000000        0.000000        0.000000        0.000000        0.000000        0.392972        0.000000        0.000000        0.292904        0.000000        0.292904        0.000000        0.000000        0.000000        0.000000
        0.000000        0.000000        0.000000        0.000000        0.000000        1.000000        0.000000        0.000000        0.638636        0.000000        0.000000        0.233717        0.000000        0.000000        0.000000        0.000000        0.000000        0.000000        0.000000        0.000000        0.000000        0.000000        0.000000        0.000000        0.000000        0.000000        0.292904        0.000000        0.000000        0.000000        0.000000        0.392972        0.000000        0.292904        0.000000
        0.000000        0.000000        0.000000        0.000000        0.000000        0.000000        1.000000        0.000000        0.000000        0.638636        0.000000        0.000000        0.233717        0.000000        0.000000        0.000000        0.000000        0.000000        0.000000        0.000000        0.000000        0.000000        0.000000        0.000000        0.000000        0.000000        0.000000        0.292904        0.000000        0.000000        0.000000        0.000000        0.292904        0.000000        0.392972
        0.000000        0.000000        0.000000        0.000000        0.638636        0.000000        0.000000        1.000000        0.000000        0.000000        0.681361        0.000000        0.000000        0.000000        0.000000        0.000000        0.000000        0.000000        0.000000        0.000000        0.000000        0.000000        0.000000        0.000000        0.000000        0.886200        0.000000        0.000000        0.660534        0.000000        0.660534        0.000000        0.000000        0.000000        0.000000
        0.000000        0.000000        0.000000        0.000000        0.000000        0.638636        0.000000        0.000000        1.000000        0.000000        0.000000        0.681361        0.000000        0.000000        0.000000        0.000000        0.000000        0.000000        0.000000        0.000000        0.000000        0.000000        0.000000        0.000000        0.000000        0.000000        0.660534        0.000000        0.000000        0.000000        0.000000        0.886200        0.000000        0.660534        0.000000
        0.000000        0.000000        0.000000        0.000000        0.000000        0.000000        0.638636        0.000000        0.000000        1.000000        0.000000        0.000000        0.681361        0.000000        0.000000        0.000000        0.000000        0.000000        0.000000        0.000000        0.000000        0.000000        0.000000        0.000000        0.000000        0.000000        0.000000        0.660534        0.000000        0.000000        0.000000        0.000000        0.660534        0.000000        0.886200
        0.000000        0.000000        0.000000        0.000000        0.233717        0.000000        0.000000        0.681361        0.000000        0.000000        1.000000        0.000000        0.000000        0.000000        0.000000        0.000000        0.000000        0.000000        0.000000        0.000000        0.000000        0.000000        0.000000        0.000000        0.000000        0.637252        0.000000        0.000000        0.474980        0.000000        0.474980        0.000000        0.000000        0.000000        0.000000
        0.000000        0.000000        0.000000        0.000000        0.000000        0.233717        0.000000        0.000000        0.681361        0.000000        0.000000        1.000000        0.000000        0.000000        0.000000        0.000000        0.000000        0.000000        0.000000        0.000000        0.000000        0.000000        0.000000        0.000000        0.000000        0.000000        0.474980        0.000000        0.000000        0.000000        0.000000        0.637252        0.000000        0.474980        0.000000
        0.000000        0.000000        0.000000        0.000000        0.000000        0.000000        0.233717        0.000000        0.000000        0.681361        0.000000        0.000000        1.000000        0.000000        0.000000        0.000000        0.000000        0.000000        0.000000        0.000000        0.000000        0.000000        0.000000        0.000000        0.000000        0.000000        0.000000        0.474980        0.000000        0.000000        0.000000        0.000000        0.474980        0.000000        0.637252
        0.588148        0.705868        0.510981        0.276075        0.000000        0.000000        0.000000        0.000000        0.000000        0.000000        0.000000        0.000000        0.000000        1.000000        0.000000        0.000000        0.333333        0.000000        0.333333        0.521984        0.000000        0.000000        0.173995        0.000000        0.173995        0.000000        0.000000        0.000000        0.000000        0.000000        0.000000        0.000000        0.000000        0.000000        0.000000
        0.000000        0.000000        0.000000        0.000000        0.000000        0.000000        0.000000        0.000000        0.000000        0.000000        0.000000        0.000000        0.000000        0.000000        1.000000        0.000000        0.000000        0.000000        0.000000        0.000000        0.521984        0.000000        0.000000        0.000000        0.000000        0.000000        0.000000        0.000000        0.000000        0.000000        0.000000        0.000000        0.000000        0.000000        0.000000
        0.000000        0.000000        0.000000        0.000000        0.000000        0.000000        0.000000        0.000000        0.000000        0.000000        0.000000        0.000000        0.000000        0.000000        0.000000        1.000000        0.000000        0.000000        0.000000        0.000000        0.000000        0.521984        0.000000        0.000000        0.000000        0.000000        0.000000        0.000000        0.000000        0.000000        0.000000        0.000000        0.000000        0.000000        0.000000
        0.588148        0.705868        0.510981        0.276075        0.000000        0.000000        0.000000        0.000000        0.000000        0.000000        0.000000        0.000000        0.000000        0.333333        0.000000        0.000000        1.000000        0.000000        0.333333        0.173995        0.000000        0.000000        0.521984        0.000000        0.173995        0.000000        0.000000        0.000000        0.000000        0.000000        0.000000        0.000000        0.000000        0.000000        0.000000
        0.000000        0.000000        0.000000        0.000000        0.000000        0.000000        0.000000        0.000000        0.000000        0.000000        0.000000        0.000000        0.000000        0.000000        0.000000        0.000000        0.000000        1.000000        0.000000        0.000000        0.000000        0.000000        0.000000        0.521984        0.000000        0.000000        0.000000        0.000000        0.000000        0.000000        0.000000        0.000000        0.000000        0.000000        0.000000
        0.588148        0.705868        0.510981        0.276075        0.000000        0.000000        0.000000        0.000000        0.000000        0.000000        0.000000        0.000000        0.000000        0.333333        0.000000        0.000000        0.333333        0.000000        1.000000        0.173995        0.000000        0.000000        0.173995        0.000000        0.521984        0.000000        0.000000        0.000000        0.000000        0.000000        0.000000        0.000000        0.000000        0.000000        0.000000
        0.626513        0.491694        0.709115        0.554865        0.000000        0.000000        0.000000        0.000000        0.000000        0.000000        0.000000        0.000000        0.000000        0.521984        0.000000        0.000000        0.173995        0.000000        0.173995        1.000000        0.000000        0.000000        0.333333        0.000000        0.333333        0.000000        0.000000        0.000000        0.000000        0.000000        0.000000        0.000000        0.000000        0.000000        0.000000
        0.000000        0.000000        0.000000        0.000000        0.000000        0.000000        0.000000        0.000000        0.000000        0.000000        0.000000        0.000000        0.000000        0.000000        0.521984        0.000000        0.000000        0.000000        0.000000        0.000000        1.000000        0.000000        0.000000        0.000000        0.000000        0.000000        0.000000        0.000000        0.000000        0.000000        0.000000        0.000000        0.000000        0.000000        0.000000
        0.000000        0.000000        0.000000        0.000000        0.000000        0.000000        0.000000        0.000000        0.000000        0.000000        0.000000        0.000000        0.000000        0.000000        0.000000        0.521984        0.000000        0.000000        0.000000        0.000000        0.000000        1.000000        0.000000        0.000000        0.000000        0.000000        0.000000        0.000000        0.000000        0.000000        0.000000        0.000000        0.000000        0.000000        0.000000
        0.626513        0.491694        0.709115        0.554865        0.000000        0.000000        0.000000        0.000000        0.000000        0.000000        0.000000        0.000000        0.000000        0.173995        0.000000        0.000000        0.521984        0.000000        0.173995        0.333333        0.000000        0.000000        1.000000        0.000000        0.333333        0.000000        0.000000        0.000000        0.000000        0.000000        0.000000        0.000000        0.000000        0.000000        0.000000
        0.000000        0.000000        0.000000        0.000000        0.000000        0.000000        0.000000        0.000000        0.000000        0.000000        0.000000        0.000000        0.000000        0.000000        0.000000        0.000000        0.000000        0.521984        0.000000        0.000000        0.000000        0.000000        0.000000        1.000000        0.000000        0.000000        0.000000        0.000000        0.000000        0.000000        0.000000        0.000000        0.000000        0.000000        0.000000
        0.626513        0.491694        0.709115        0.554865        0.000000        0.000000        0.000000        0.000000        0.000000        0.000000        0.000000        0.000000        0.000000        0.173995        0.000000        0.000000        0.173995        0.000000        0.521984        0.333333        0.000000        0.000000        0.333333        0.000000        1.000000        0.000000        0.000000        0.000000        0.000000        0.000000        0.000000        0.000000        0.000000        0.000000        0.000000
        0.000000        0.000000        0.000000        0.000000        0.392972        0.000000        0.000000        0.886200        0.000000        0.000000        0.637252        0.000000        0.000000        0.000000        0.000000        0.000000        0.000000        0.000000        0.000000        0.000000        0.000000        0.000000        0.000000        0.000000        0.000000        1.000000        0.000000        0.000000        0.447214        0.000000        0.447214        0.000000        0.000000        0.000000        0.000000
        0.000000        0.000000        0.000000        0.000000        0.000000        0.292904        0.000000        0.000000        0.660534        0.000000        0.000000        0.474980        0.000000        0.000000        0.000000        0.000000        0.000000        0.000000        0.000000        0.000000        0.000000        0.000000        0.000000        0.000000        0.000000        0.000000        1.000000        0.000000        0.000000        0.000000        0.000000        0.447214        0.000000        0.333333        0.000000
        0.000000        0.000000        0.000000        0.000000        0.000000        0.000000        0.292904        0.000000        0.000000        0.660534        0.000000        0.000000        0.474980        0.000000        0.000000        0.000000        0.000000        0.000000        0.000000        0.000000        0.000000        0.000000        0.000000        0.000000        0.000000        0.000000        0.000000        1.000000        0.000000        0.000000        0.000000        0.000000        0.333333        0.000000        0.447214
        0.000000        0.000000        0.000000        0.000000        0.292904        0.000000        0.000000        0.660534        0.000000        0.000000        0.474980        0.000000        0.000000        0.000000        0.000000        0.000000        0.000000        0.000000        0.000000        0.000000        0.000000        0.000000        0.000000        0.000000        0.000000        0.447214        0.000000        0.000000        1.000000        0.000000        0.333333        0.000000        0.000000        0.000000        0.000000
        0.000000        0.000000        0.000000        0.000000        0.000000        0.000000        0.000000        0.000000        0.000000        0.000000        0.000000        0.000000        0.000000        0.000000        0.000000        0.000000        0.000000        0.000000        0.000000        0.000000        0.000000        0.000000        0.000000        0.000000        0.000000        0.000000        0.000000        0.000000        0.000000        1.000000        0.000000        0.000000        0.000000        0.000000        0.000000
        0.000000        0.000000        0.000000        0.000000        0.292904        0.000000        0.000000        0.660534        0.000000        0.000000        0.474980        0.000000        0.000000        0.000000        0.000000        0.000000        0.000000        0.000000        0.000000        0.000000        0.000000        0.000000        0.000000        0.000000        0.000000        0.447214        0.000000        0.000000        0.333333        0.000000        1.000000        0.000000        0.000000        0.000000        0.000000
        0.000000        0.000000        0.000000        0.000000        0.000000        0.392972        0.000000        0.000000        0.886200        0.000000        0.000000        0.637252        0.000000        0.000000        0.000000        0.000000        0.000000        0.000000        0.000000        0.000000        0.000000        0.000000        0.000000        0.000000        0.000000        0.000000        0.447214        0.000000        0.000000        0.000000        0.000000        1.000000        0.000000        0.447214        0.000000
        0.000000        0.000000        0.000000        0.000000        0.000000        0.000000        0.292904        0.000000        0.000000        0.660534        0.000000        0.000000        0.474980        0.000000        0.000000        0.000000        0.000000        0.000000        0.000000        0.000000        0.000000        0.000000        0.000000        0.000000        0.000000        0.000000        0.000000        0.333333        0.000000        0.000000        0.000000        0.000000        1.000000        0.000000        0.447214
        0.000000        0.000000        0.000000        0.000000        0.000000        0.292904        0.000000        0.000000        0.660534        0.000000        0.000000        0.474980        0.000000        0.000000        0.000000        0.000000        0.000000        0.000000        0.000000        0.000000        0.000000        0.000000        0.000000        0.000000        0.000000        0.000000        0.333333        0.000000        0.000000        0.000000        0.000000        0.447214        0.000000        1.000000        0.000000
        0.000000        0.000000        0.000000        0.000000        0.000000        0.000000        0.392972        0.000000        0.000000        0.886200        0.000000        0.000000        0.637252        0.000000        0.000000        0.000000        0.000000        0.000000        0.000000        0.000000        0.000000        0.000000        0.000000        0.000000        0.000000        0.000000        0.000000        0.447214        0.000000        0.000000        0.000000        0.000000        0.447214        0.000000        1.000000

 S matrix after diagonalization

        0.000419        0.000000        0.000000        0.000000        0.000000        0.000000        0.000000        0.000000        0.000000        0.000000        0.000000        0.000000        0.000000        0.000000        0.000000        0.000000        0.000000        0.000000        0.000000        0.000000        0.000000        0.000000        0.000000        0.000000        0.000000        0.000000        0.000000        0.000000        0.000000        0.000000        0.000000        0.000000        0.000000        0.000000        0.000000
        0.000000        0.001461        0.000000        0.000000        0.000000        0.000000        0.000000        0.000000        0.000000        0.000000        0.000000        0.000000        0.000000        0.000000        0.000000        0.000000        0.000000        0.000000        0.000000        0.000000        0.000000        0.000000        0.000000        0.000000        0.000000        0.000000        0.000000        0.000000        0.000000        0.000000        0.000000        0.000000        0.000000        0.000000        0.000000
        0.000000        0.000000        0.001461        0.000000        0.000000        0.000000        0.000000        0.000000        0.000000        0.000000        0.000000        0.000000        0.000000        0.000000        0.000000        0.000000        0.000000        0.000000        0.000000        0.000000        0.000000        0.000000        0.000000        0.000000        0.000000        0.000000        0.000000        0.000000        0.000000        0.000000        0.000000        0.000000        0.000000        0.000000        0.000000
        0.000000        0.000000        0.000000        0.001461        0.000000        0.000000        0.000000        0.000000        0.000000        0.000000        0.000000        0.000000        0.000000        0.000000        0.000000        0.000000        0.000000        0.000000        0.000000        0.000000        0.000000        0.000000        0.000000        0.000000        0.000000        0.000000        0.000000        0.000000        0.000000        0.000000        0.000000        0.000000        0.000000        0.000000        0.000000
        0.000000        0.000000        0.000000        0.000000        0.008620        0.000000        0.000000        0.000000        0.000000        0.000000        0.000000        0.000000        0.000000        0.000000        0.000000        0.000000        0.000000        0.000000        0.000000        0.000000        0.000000        0.000000        0.000000        0.000000        0.000000        0.000000        0.000000        0.000000        0.000000        0.000000        0.000000        0.000000        0.000000        0.000000        0.000000
        0.000000        0.000000        0.000000        0.000000        0.000000        0.073244        0.000000        0.000000        0.000000        0.000000        0.000000        0.000000        0.000000        0.000000        0.000000        0.000000        0.000000        0.000000        0.000000        0.000000        0.000000        0.000000        0.000000        0.000000        0.000000        0.000000        0.000000        0.000000        0.000000        0.000000        0.000000        0.000000        0.000000        0.000000        0.000000
        0.000000        0.000000        0.000000        0.000000        0.000000        0.000000        0.315513        0.000000        0.000000        0.000000        0.000000        0.000000        0.000000        0.000000        0.000000        0.000000        0.000000        0.000000        0.000000        0.000000        0.000000        0.000000        0.000000        0.000000        0.000000        0.000000        0.000000        0.000000        0.000000        0.000000        0.000000        0.000000        0.000000        0.000000        0.000000
        0.000000        0.000000        0.000000        0.000000        0.000000        0.000000        0.000000        0.318678        0.000000        0.000000        0.000000        0.000000        0.000000        0.000000        0.000000        0.000000        0.000000        0.000000        0.000000        0.000000        0.000000        0.000000        0.000000        0.000000        0.000000        0.000000        0.000000        0.000000        0.000000        0.000000        0.000000        0.000000        0.000000        0.000000        0.000000
        0.000000        0.000000        0.000000        0.000000        0.000000        0.000000        0.000000        0.000000        0.318678        0.000000        0.000000        0.000000        0.000000        0.000000        0.000000        0.000000        0.000000        0.000000        0.000000        0.000000        0.000000        0.000000        0.000000        0.000000        0.000000        0.000000        0.000000        0.000000        0.000000        0.000000        0.000000        0.000000        0.000000        0.000000        0.000000
        0.000000        0.000000        0.000000        0.000000        0.000000        0.000000        0.000000        0.000000        0.000000        0.351066        0.000000        0.000000        0.000000        0.000000        0.000000        0.000000        0.000000        0.000000        0.000000        0.000000        0.000000        0.000000        0.000000        0.000000        0.000000        0.000000        0.000000        0.000000        0.000000        0.000000        0.000000        0.000000        0.000000        0.000000        0.000000
        0.000000        0.000000        0.000000        0.000000        0.000000        0.000000        0.000000        0.000000        0.000000        0.000000        0.351066        0.000000        0.000000        0.000000        0.000000        0.000000        0.000000        0.000000        0.000000        0.000000        0.000000        0.000000        0.000000        0.000000        0.000000        0.000000        0.000000        0.000000        0.000000        0.000000        0.000000        0.000000        0.000000        0.000000        0.000000
        0.000000        0.000000        0.000000        0.000000        0.000000        0.000000        0.000000        0.000000        0.000000        0.000000        0.000000        0.351066        0.000000        0.000000        0.000000        0.000000        0.000000        0.000000        0.000000        0.000000        0.000000        0.000000        0.000000        0.000000        0.000000        0.000000        0.000000        0.000000        0.000000        0.000000        0.000000        0.000000        0.000000        0.000000        0.000000
        0.000000        0.000000        0.000000        0.000000        0.000000        0.000000        0.000000        0.000000        0.000000        0.000000        0.000000        0.000000        0.478016        0.000000        0.000000        0.000000        0.000000        0.000000        0.000000        0.000000        0.000000        0.000000        0.000000        0.000000        0.000000        0.000000        0.000000        0.000000        0.000000        0.000000        0.000000        0.000000        0.000000        0.000000        0.000000
        0.000000        0.000000        0.000000        0.000000        0.000000        0.000000        0.000000        0.000000        0.000000        0.000000        0.000000        0.000000        0.000000        0.478016        0.000000        0.000000        0.000000        0.000000        0.000000        0.000000        0.000000        0.000000        0.000000        0.000000        0.000000        0.000000        0.000000        0.000000        0.000000        0.000000        0.000000        0.000000        0.000000        0.000000        0.000000
        0.000000        0.000000        0.000000        0.000000        0.000000        0.000000        0.000000        0.000000        0.000000        0.000000        0.000000        0.000000        0.000000        0.000000        0.478016        0.000000        0.000000        0.000000        0.000000        0.000000        0.000000        0.000000        0.000000        0.000000        0.000000        0.000000        0.000000        0.000000        0.000000        0.000000        0.000000        0.000000        0.000000        0.000000        0.000000
        0.000000        0.000000        0.000000        0.000000        0.000000        0.000000        0.000000        0.000000        0.000000        0.000000        0.000000        0.000000        0.000000        0.000000        0.000000        0.553883        0.000000        0.000000        0.000000        0.000000        0.000000        0.000000        0.000000        0.000000        0.000000        0.000000        0.000000        0.000000        0.000000        0.000000        0.000000        0.000000        0.000000        0.000000        0.000000
        0.000000        0.000000        0.000000        0.000000        0.000000        0.000000        0.000000        0.000000        0.000000        0.000000        0.000000        0.000000        0.000000        0.000000        0.000000        0.000000        0.553883        0.000000        0.000000        0.000000        0.000000        0.000000        0.000000        0.000000        0.000000        0.000000        0.000000        0.000000        0.000000        0.000000        0.000000        0.000000        0.000000        0.000000        0.000000
        0.000000        0.000000        0.000000        0.000000        0.000000        0.000000        0.000000        0.000000        0.000000        0.000000        0.000000        0.000000        0.000000        0.000000        0.000000        0.000000        0.000000        0.553883        0.000000        0.000000        0.000000        0.000000        0.000000        0.000000        0.000000        0.000000        0.000000        0.000000        0.000000        0.000000        0.000000        0.000000        0.000000        0.000000        0.000000
        0.000000        0.000000        0.000000        0.000000        0.000000        0.000000        0.000000        0.000000        0.000000        0.000000        0.000000        0.000000        0.000000        0.000000        0.000000        0.000000        0.000000        0.000000        0.666667        0.000000        0.000000        0.000000        0.000000        0.000000        0.000000        0.000000        0.000000        0.000000        0.000000        0.000000        0.000000        0.000000        0.000000        0.000000        0.000000
        0.000000        0.000000        0.000000        0.000000        0.000000        0.000000        0.000000        0.000000        0.000000        0.000000        0.000000        0.000000        0.000000        0.000000        0.000000        0.000000        0.000000        0.000000        0.000000        0.666667        0.000000        0.000000        0.000000        0.000000        0.000000        0.000000        0.000000        0.000000        0.000000        0.000000        0.000000        0.000000        0.000000        0.000000        0.000000
        0.000000        0.000000        0.000000        0.000000        0.000000        0.000000        0.000000        0.000000        0.000000        0.000000        0.000000        0.000000        0.000000        0.000000        0.000000        0.000000        0.000000        0.000000        0.000000        0.000000        0.666667        0.000000        0.000000        0.000000        0.000000        0.000000        0.000000        0.000000        0.000000        0.000000        0.000000        0.000000        0.000000        0.000000        0.000000
        0.000000        0.000000        0.000000        0.000000        0.000000        0.000000        0.000000        0.000000        0.000000        0.000000        0.000000        0.000000        0.000000        0.000000        0.000000        0.000000        0.000000        0.000000        0.000000        0.000000        0.000000        0.819739        0.000000        0.000000        0.000000        0.000000        0.000000        0.000000        0.000000        0.000000        0.000000        0.000000        0.000000        0.000000        0.000000
        0.000000        0.000000        0.000000        0.000000        0.000000        0.000000        0.000000        0.000000        0.000000        0.000000        0.000000        0.000000        0.000000        0.000000        0.000000        0.000000        0.000000        0.000000        0.000000        0.000000        0.000000        0.000000        0.819739        0.000000        0.000000        0.000000        0.000000        0.000000        0.000000        0.000000        0.000000        0.000000        0.000000        0.000000        0.000000
        0.000000        0.000000        0.000000        0.000000        0.000000        0.000000        0.000000        0.000000        0.000000        0.000000        0.000000        0.000000        0.000000        0.000000        0.000000        0.000000        0.000000        0.000000        0.000000        0.000000        0.000000        0.000000        0.000000        0.819739        0.000000        0.000000        0.000000        0.000000        0.000000        0.000000        0.000000        0.000000        0.000000        0.000000        0.000000
        0.000000        0.000000        0.000000        0.000000        0.000000        0.000000        0.000000        0.000000        0.000000        0.000000        0.000000        0.000000        0.000000        0.000000        0.000000        0.000000        0.000000        0.000000        0.000000        0.000000        0.000000        0.000000        0.000000        0.000000        1.000000        0.000000        0.000000        0.000000        0.000000        0.000000        0.000000        0.000000        0.000000        0.000000        0.000000
        0.000000        0.000000        0.000000        0.000000        0.000000        0.000000        0.000000        0.000000        0.000000        0.000000        0.000000        0.000000        0.000000        0.000000        0.000000        0.000000        0.000000        0.000000        0.000000        0.000000        0.000000        0.000000        0.000000        0.000000        0.000000        1.014656        0.000000        0.000000        0.000000        0.000000        0.000000        0.000000        0.000000        0.000000        0.000000
        0.000000        0.000000        0.000000        0.000000        0.000000        0.000000        0.000000        0.000000        0.000000        0.000000        0.000000        0.000000        0.000000        0.000000        0.000000        0.000000        0.000000        0.000000        0.000000        0.000000        0.000000        0.000000        0.000000        0.000000        0.000000        0.000000        1.014656        0.000000        0.000000        0.000000        0.000000        0.000000        0.000000        0.000000        0.000000
        0.000000        0.000000        0.000000        0.000000        0.000000        0.000000        0.000000        0.000000        0.000000        0.000000        0.000000        0.000000        0.000000        0.000000        0.000000        0.000000        0.000000        0.000000        0.000000        0.000000        0.000000        0.000000        0.000000        0.000000        0.000000        0.000000        0.000000        1.182050        0.000000        0.000000        0.000000        0.000000        0.000000        0.000000        0.000000
        0.000000        0.000000        0.000000        0.000000        0.000000        0.000000        0.000000        0.000000        0.000000        0.000000        0.000000        0.000000        0.000000        0.000000        0.000000        0.000000        0.000000        0.000000        0.000000        0.000000        0.000000        0.000000        0.000000        0.000000        0.000000        0.000000        0.000000        0.000000        1.521984        0.000000        0.000000        0.000000        0.000000        0.000000        0.000000
        0.000000        0.000000        0.000000        0.000000        0.000000        0.000000        0.000000        0.000000        0.000000        0.000000        0.000000        0.000000        0.000000        0.000000        0.000000        0.000000        0.000000        0.000000        0.000000        0.000000        0.000000        0.000000        0.000000        0.000000        0.000000        0.000000        0.000000        0.000000        0.000000        1.521984        0.000000        0.000000        0.000000        0.000000        0.000000
        0.000000        0.000000        0.000000        0.000000        0.000000        0.000000        0.000000        0.000000        0.000000        0.000000        0.000000        0.000000        0.000000        0.000000        0.000000        0.000000        0.000000        0.000000        0.000000        0.000000        0.000000        0.000000        0.000000        0.000000        0.000000        0.000000        0.000000        0.000000        0.000000        0.000000        1.521984        0.000000        0.000000        0.000000        0.000000
        0.000000        0.000000        0.000000        0.000000        0.000000        0.000000        0.000000        0.000000        0.000000        0.000000        0.000000        0.000000        0.000000        0.000000        0.000000        0.000000        0.000000        0.000000        0.000000        0.000000        0.000000        0.000000        0.000000        0.000000        0.000000        0.000000        0.000000        0.000000        0.000000        0.000000        0.000000        3.607185        0.000000        0.000000        0.000000
        0.000000        0.000000        0.000000        0.000000        0.000000        0.000000        0.000000        0.000000        0.000000        0.000000        0.000000        0.000000        0.000000        0.000000        0.000000        0.000000        0.000000        0.000000        0.000000        0.000000        0.000000        0.000000        0.000000        0.000000        0.000000        0.000000        0.000000        0.000000        0.000000        0.000000        0.000000        0.000000        3.607185        0.000000        0.000000
        0.000000        0.000000        0.000000        0.000000        0.000000        0.000000        0.000000        0.000000        0.000000        0.000000        0.000000        0.000000        0.000000        0.000000        0.000000        0.000000        0.000000        0.000000        0.000000        0.000000        0.000000        0.000000        0.000000        0.000000        0.000000        0.000000        0.000000        0.000000        0.000000        0.000000        0.000000        0.000000        0.000000        3.607185        0.000000
        0.000000        0.000000        0.000000        0.000000        0.000000        0.000000        0.000000        0.000000        0.000000        0.000000        0.000000        0.000000        0.000000        0.000000        0.000000        0.000000        0.000000        0.000000        0.000000        0.000000        0.000000        0.000000        0.000000        0.000000        0.000000        0.000000        0.000000        0.000000        0.000000        0.000000        0.000000        0.000000        0.000000        0.000000        5.753489

 Identity matrix

        1.000000        0.000000        0.000000        0.000000        0.000000        0.000000       -0.000000       -0.000000       -0.000000        0.000000       -0.000000       -0.000000       -0.000000       -0.000000       -0.000000       -0.000000       -0.000000        0.000000       -0.000000       -0.000000       -0.000000        0.000000       -0.000000        0.000000       -0.000000        0.000000        0.000000       -0.000000        0.000000        0.000000        0.000000       -0.000000       -0.000000        0.000000       -0.000000
        0.000000        1.000000       -0.000000       -0.000000       -0.000000        0.000000       -0.000000        0.000000       -0.000000        0.000000        0.000000        0.000000        0.000000        0.000000        0.000000        0.000000        0.000000       -0.000000        0.000000        0.000000        0.000000       -0.000000        0.000000        0.000000        0.000000       -0.000000        0.000000        0.000000       -0.000000       -0.000000       -0.000000        0.000000       -0.000000       -0.000000       -0.000000
        0.000000       -0.000000        1.000000       -0.000000       -0.000000        0.000000       -0.000000        0.000000       -0.000000        0.000000        0.000000        0.000000       -0.000000        0.000000        0.000000        0.000000        0.000000       -0.000000        0.000000        0.000000        0.000000       -0.000000        0.000000       -0.000000        0.000000       -0.000000       -0.000000       -0.000000       -0.000000       -0.000000       -0.000000        0.000000        0.000000        0.000000       -0.000000
        0.000000        0.000000       -0.000000        1.000000       -0.000000        0.000000       -0.000000        0.000000       -0.000000        0.000000        0.000000        0.000000        0.000000        0.000000       -0.000000        0.000000        0.000000       -0.000000        0.000000       -0.000000       -0.000000       -0.000000        0.000000        0.000000        0.000000       -0.000000        0.000000        0.000000       -0.000000        0.000000       -0.000000        0.000000       -0.000000        0.000000       -0.000000
        0.000000       -0.000000       -0.000000       -0.000000        1.000000       -0.000000       -0.000000        0.000000        0.000000        0.000000       -0.000000       -0.000000       -0.000000       -0.000000        0.000000       -0.000000       -0.000000       -0.000000        0.000000        0.000000       -0.000000        0.000000        0.000000        0.000000        0.000000       -0.000000       -0.000000       -0.000000       -0.000000       -0.000000       -0.000000       -0.000000       -0.000000       -0.000000       -0.000000
        0.000000        0.000000        0.000000        0.000000       -0.000000        1.000000        0.000000        0.000000       -0.000000       -0.000000       -0.000000        0.000000        0.000000        0.000000       -0.000000        0.000000        0.000000        0.000000        0.000000        0.000000        0.000000        0.000000        0.000000        0.000000        0.000000       -0.000000        0.000000       -0.000000       -0.000000        0.000000       -0.000000        0.000000       -0.000000        0.000000        0.000000
       -0.000000       -0.000000       -0.000000       -0.000000       -0.000000        0.000000        1.000000       -0.000000       -0.000000        0.000000       -0.000000        0.000000       -0.000000       -0.000000        0.000000       -0.000000       -0.000000       -0.000000       -0.000000       -0.000000        0.000000       -0.000000       -0.000000       -0.000000       -0.000000       -0.000000        0.000000       -0.000000       -0.000000       -0.000000       -0.000000        0.000000       -0.000000        0.000000       -0.000000
       -0.000000        0.000000        0.000000        0.000000        0.000000        0.000000       -0.000000        1.000000       -0.000000        0.000000        0.000000        0.000000        0.000000       -0.000000       -0.000000        0.000000       -0.000000        0.000000       -0.000000       -0.000000        0.000000       -0.000000       -0.000000       -0.000000       -0.000000        0.000000        0.000000       -0.000000        0.000000        0.000000        0.000000        0.000000       -0.000000        0.000000       -0.000000
       -0.000000       -0.000000       -0.000000       -0.000000        0.000000       -0.000000       -0.000000       -0.000000        1.000000        0.000000        0.000000       -0.000000       -0.000000       -0.000000       -0.000000        0.000000       -0.000000        0.000000       -0.000000       -0.000000        0.000000       -0.000000       -0.000000       -0.000000       -0.000000        0.000000       -0.000000        0.000000        0.000000        0.000000        0.000000       -0.000000        0.000000       -0.000000       -0.000000
        0.000000        0.000000        0.000000        0.000000        0.000000       -0.000000        0.000000        0.000000        0.000000        1.000000        0.000000       -0.000000        0.000000        0.000000       -0.000000        0.000000        0.000000       -0.000000        0.000000        0.000000       -0.000000        0.000000        0.000000       -0.000000        0.000000        0.000000       -0.000000        0.000000        0.000000       -0.000000        0.000000       -0.000000        0.000000       -0.000000        0.000000
       -0.000000        0.000000        0.000000        0.000000       -0.000000       -0.000000       -0.000000        0.000000        0.000000        0.000000        1.000000       -0.000000       -0.000000       -0.000000       -0.000000        0.000000       -0.000000        0.000000        0.000000       -0.000000        0.000000        0.000000       -0.000000        0.000000       -0.000000       -0.000000       -0.000000       -0.000000       -0.000000       -0.000000       -0.000000       -0.000000       -0.000000        0.000000       -0.000000
       -0.000000        0.000000        0.000000        0.000000       -0.000000        0.000000        0.000000        0.000000       -0.000000       -0.000000       -0.000000        1.000000        0.000000        0.000000       -0.000000       -0.000000        0.000000        0.000000        0.000000       -0.000000       -0.000000       -0.000000        0.000000       -0.000000       -0.000000       -0.000000        0.000000        0.000000       -0.000000        0.000000       -0.000000        0.000000        0.000000        0.000000        0.000000
       -0.000000        0.000000       -0.000000        0.000000       -0.000000        0.000000       -0.000000        0.000000       -0.000000        0.000000       -0.000000        0.000000        1.000000       -0.000000       -0.000000        0.000000       -0.000000       -0.000000       -0.000000       -0.000000       -0.000000        0.000000       -0.000000       -0.000000       -0.000000       -0.000000        0.000000       -0.000000       -0.000000        0.000000       -0.000000        0.000000       -0.000000        0.000000       -0.000000
       -0.000000       -0.000000        0.000000        0.000000       -0.000000        0.000000       -0.000000       -0.000000       -0.000000        0.000000       -0.000000        0.000000       -0.000000        1.000000        0.000000       -0.000000       -0.000000       -0.000000       -0.000000       -0.000000       -0.000000        0.000000       -0.000000        0.000000       -0.000000       -0.000000        0.000000       -0.000000        0.000000        0.000000        0.000000        0.000000       -0.000000        0.000000       -0.000000
       -0.000000        0.000000        0.000000       -0.000000        0.000000       -0.000000        0.000000       -0.000000       -0.000000       -0.000000       -0.000000       -0.000000       -0.000000        0.000000        1.000000       -0.000000       -0.000000       -0.000000       -0.000000       -0.000000        0.000000        0.000000       -0.000000        0.000000       -0.000000       -0.000000       -0.000000       -0.000000        0.000000        0.000000        0.000000       -0.000000        0.000000        0.000000       -0.000000
       -0.000000        0.000000        0.000000        0.000000       -0.000000        0.000000       -0.000000        0.000000        0.000000        0.000000        0.000000       -0.000000        0.000000       -0.000000       -0.000000        1.000000       -0.000000       -0.000000       -0.000000       -0.000000       -0.000000        0.000000       -0.000000        0.000000       -0.000000       -0.000000       -0.000000       -0.000000       -0.000000       -0.000000        0.000000        0.000000        0.000000        0.000000        0.000000
       -0.000000        0.000000        0.000000        0.000000       -0.000000        0.000000       -0.000000       -0.000000       -0.000000        0.000000       -0.000000        0.000000       -0.000000       -0.000000       -0.000000       -0.000000        1.000000        0.000000       -0.000000       -0.000000        0.000000       -0.000000       -0.000000        0.000000       -0.000000       -0.000000        0.000000       -0.000000        0.000000        0.000000        0.000000        0.000000       -0.000000        0.000000       -0.000000
        0.000000       -0.000000       -0.000000       -0.000000       -0.000000        0.000000       -0.000000        0.000000        0.000000       -0.000000        0.000000        0.000000       -0.000000       -0.000000       -0.000000       -0.000000        0.000000        1.000000        0.000000        0.000000        0.000000        0.000000       -0.000000       -0.000000        0.000000       -0.000000       -0.000000        0.000000       -0.000000        0.000000        0.000000        0.000000       -0.000000        0.000000       -0.000000
       -0.000000        0.000000        0.000000        0.000000        0.000000        0.000000       -0.000000       -0.000000       -0.000000        0.000000        0.000000        0.000000       -0.000000       -0.000000       -0.000000       -0.000000       -0.000000        0.000000        1.000000       -0.000000        0.000000        0.000000       -0.000000       -0.000000       -0.000000        0.000000        0.000000       -0.000000       -0.000000        0.000000        0.000000        0.000000        0.000000       -0.000000       -0.000000
       -0.000000        0.000000        0.000000        0.000000        0.000000        0.000000       -0.000000       -0.000000       -0.000000        0.000000       -0.000000       -0.000000       -0.000000       -0.000000       -0.000000       -0.000000       -0.000000        0.000000       -0.000000        1.000000        0.000000        0.000000       -0.000000        0.000000       -0.000000        0.000000        0.000000        0.000000        0.000000        0.000000        0.000000        0.000000       -0.000000        0.000000       -0.000000
       -0.000000        0.000000        0.000000       -0.000000       -0.000000        0.000000        0.000000        0.000000        0.000000       -0.000000        0.000000       -0.000000       -0.000000       -0.000000        0.000000       -0.000000        0.000000        0.000000        0.000000        0.000000        1.000000       -0.000000       -0.000000       -0.000000       -0.000000       -0.000000       -0.000000        0.000000       -0.000000        0.000000       -0.000000        0.000000       -0.000000        0.000000       -0.000000
        0.000000       -0.000000       -0.000000       -0.000000        0.000000        0.000000       -0.000000       -0.000000       -0.000000        0.000000        0.000000       -0.000000        0.000000        0.000000        0.000000        0.000000       -0.000000        0.000000        0.000000        0.000000       -0.000000        1.000000        0.000000        0.000000        0.000000        0.000000        0.000000       -0.000000        0.000000       -0.000000       -0.000000       -0.000000        0.000000       -0.000000        0.000000
       -0.000000        0.000000        0.000000        0.000000        0.000000        0.000000       -0.000000       -0.000000       -0.000000        0.000000       -0.000000        0.000000       -0.000000       -0.000000       -0.000000       -0.000000       -0.000000       -0.000000       -0.000000       -0.000000       -0.000000        0.000000        1.000000       -0.000000       -0.000000        0.000000        0.000000       -0.000000        0.000000        0.000000        0.000000        0.000000       -0.000000        0.000000       -0.000000
        0.000000        0.000000       -0.000000        0.000000        0.000000        0.000000       -0.000000       -0.000000       -0.000000       -0.000000        0.000000       -0.000000       -0.000000        0.000000        0.000000        0.000000        0.000000       -0.000000       -0.000000        0.000000       -0.000000        0.000000       -0.000000        1.000000        0.000000        0.000000       -0.000000        0.000000        0.000000       -0.000000        0.000000        0.000000       -0.000000        0.000000       -0.000000
       -0.000000        0.000000        0.000000        0.000000        0.000000        0.000000       -0.000000       -0.000000       -0.000000        0.000000       -0.000000       -0.000000       -0.000000       -0.000000       -0.000000       -0.000000       -0.000000        0.000000       -0.000000       -0.000000       -0.000000        0.000000       -0.000000        0.000000        1.000000       -0.000000        0.000000       -0.000000        0.000000        0.000000        0.000000        0.000000       -0.000000        0.000000       -0.000000
        0.000000       -0.000000       -0.000000       -0.000000       -0.000000       -0.000000       -0.000000        0.000000        0.000000        0.000000       -0.000000       -0.000000       -0.000000       -0.000000       -0.000000       -0.000000       -0.000000       -0.000000        0.000000        0.000000       -0.000000        0.000000        0.000000        0.000000       -0.000000        1.000000       -0.000000       -0.000000       -0.000000       -0.000000       -0.000000       -0.000000       -0.000000       -0.000000       -0.000000
        0.000000        0.000000       -0.000000        0.000000       -0.000000        0.000000        0.000000        0.000000       -0.000000       -0.000000       -0.000000        0.000000        0.000000        0.000000       -0.000000       -0.000000        0.000000       -0.000000        0.000000        0.000000       -0.000000        0.000000        0.000000       -0.000000        0.000000       -0.000000        1.000000       -0.000000       -0.000000       -0.000000       -0.000000        0.000000        0.000000        0.000000        0.000000
       -0.000000        0.000000       -0.000000        0.000000       -0.000000       -0.000000       -0.000000       -0.000000        0.000000        0.000000       -0.000000        0.000000       -0.000000       -0.000000       -0.000000       -0.000000       -0.000000        0.000000       -0.000000        0.000000        0.000000       -0.000000       -0.000000        0.000000       -0.000000       -0.000000       -0.000000        1.000000       -0.000000        0.000000       -0.000000       -0.000000       -0.000000       -0.000000       -0.000000
        0.000000       -0.000000       -0.000000       -0.000000       -0.000000       -0.000000       -0.000000        0.000000        0.000000        0.000000       -0.000000       -0.000000       -0.000000        0.000000        0.000000       -0.000000        0.000000       -0.000000       -0.000000        0.000000       -0.000000        0.000000        0.000000        0.000000        0.000000       -0.000000       -0.000000       -0.000000        1.000000       -0.000000       -0.000000       -0.000000       -0.000000       -0.000000       -0.000000
        0.000000       -0.000000       -0.000000        0.000000       -0.000000        0.000000       -0.000000        0.000000        0.000000       -0.000000       -0.000000        0.000000        0.000000        0.000000        0.000000       -0.000000        0.000000        0.000000        0.000000        0.000000        0.000000       -0.000000        0.000000       -0.000000        0.000000       -0.000000       -0.000000        0.000000       -0.000000        1.000000       -0.000000       -0.000000       -0.000000       -0.000000        0.000000
        0.000000       -0.000000       -0.000000       -0.000000       -0.000000       -0.000000       -0.000000        0.000000        0.000000        0.000000       -0.000000       -0.000000       -0.000000        0.000000        0.000000        0.000000        0.000000        0.000000        0.000000        0.000000       -0.000000       -0.000000        0.000000        0.000000        0.000000       -0.000000       -0.000000       -0.000000       -0.000000       -0.000000        1.000000       -0.000000       -0.000000       -0.000000       -0.000000
       -0.000000        0.000000        0.000000        0.000000       -0.000000        0.000000        0.000000        0.000000       -0.000000       -0.000000       -0.000000        0.000000        0.000000        0.000000       -0.000000        0.000000        0.000000        0.000000        0.000000        0.000000        0.000000       -0.000000        0.000000        0.000000        0.000000       -0.000000        0.000000       -0.000000       -0.000000       -0.000000       -0.000000        1.000000       -0.000000        0.000000        0.000000
       -0.000000       -0.000000        0.000000       -0.000000       -0.000000       -0.000000       -0.000000       -0.000000        0.000000        0.000000       -0.000000        0.000000       -0.000000       -0.000000        0.000000        0.000000       -0.000000       -0.000000        0.000000       -0.000000       -0.000000        0.000000       -0.000000       -0.000000       -0.000000       -0.000000        0.000000       -0.000000       -0.000000       -0.000000       -0.000000       -0.000000        1.000000       -0.000000       -0.000000
        0.000000       -0.000000        0.000000        0.000000       -0.000000        0.000000        0.000000        0.000000       -0.000000       -0.000000        0.000000        0.000000        0.000000        0.000000        0.000000        0.000000        0.000000        0.000000       -0.000000        0.000000        0.000000       -0.000000        0.000000        0.000000        0.000000       -0.000000        0.000000       -0.000000       -0.000000       -0.000000       -0.000000        0.000000       -0.000000        1.000000        0.000000
       -0.000000       -0.000000       -0.000000       -0.000000       -0.000000        0.000000       -0.000000       -0.000000       -0.000000        0.000000       -0.000000        0.000000       -0.000000       -0.000000       -0.000000        0.000000       -0.000000       -0.000000       -0.000000       -0.000000       -0.000000        0.000000       -0.000000       -0.000000       -0.000000       -0.000000        0.000000       -0.000000       -0.000000        0.000000       -0.000000        0.000000       -0.000000        0.000000        1.000000

 S 1/2 matrix 

       48.871373        0.000000        0.000000        0.000000        0.000000        0.000000        0.000000        0.000000        0.000000        0.000000        0.000000        0.000000        0.000000        0.000000        0.000000        0.000000        0.000000        0.000000        0.000000        0.000000        0.000000        0.000000        0.000000        0.000000        0.000000        0.000000        0.000000        0.000000        0.000000        0.000000        0.000000        0.000000        0.000000        0.000000        0.000000
        0.000000       26.165767        0.000000        0.000000        0.000000        0.000000        0.000000        0.000000        0.000000        0.000000        0.000000        0.000000        0.000000        0.000000        0.000000        0.000000        0.000000        0.000000        0.000000        0.000000        0.000000        0.000000        0.000000        0.000000        0.000000        0.000000        0.000000        0.000000        0.000000        0.000000        0.000000        0.000000        0.000000        0.000000        0.000000
        0.000000        0.000000       26.165767        0.000000        0.000000        0.000000        0.000000        0.000000        0.000000        0.000000        0.000000        0.000000        0.000000        0.000000        0.000000        0.000000        0.000000        0.000000        0.000000        0.000000        0.000000        0.000000        0.000000        0.000000        0.000000        0.000000        0.000000        0.000000        0.000000        0.000000        0.000000        0.000000        0.000000        0.000000        0.000000
        0.000000        0.000000        0.000000       26.165767        0.000000        0.000000        0.000000        0.000000        0.000000        0.000000        0.000000        0.000000        0.000000        0.000000        0.000000        0.000000        0.000000        0.000000        0.000000        0.000000        0.000000        0.000000        0.000000        0.000000        0.000000        0.000000        0.000000        0.000000        0.000000        0.000000        0.000000        0.000000        0.000000        0.000000        0.000000
        0.000000        0.000000        0.000000        0.000000       10.770952        0.000000        0.000000        0.000000        0.000000        0.000000        0.000000        0.000000        0.000000        0.000000        0.000000        0.000000        0.000000        0.000000        0.000000        0.000000        0.000000        0.000000        0.000000        0.000000        0.000000        0.000000        0.000000        0.000000        0.000000        0.000000        0.000000        0.000000        0.000000        0.000000        0.000000
        0.000000        0.000000        0.000000        0.000000        0.000000        3.695006        0.000000        0.000000        0.000000        0.000000        0.000000        0.000000        0.000000        0.000000        0.000000        0.000000        0.000000        0.000000        0.000000        0.000000        0.000000        0.000000        0.000000        0.000000        0.000000        0.000000        0.000000        0.000000        0.000000        0.000000        0.000000        0.000000        0.000000        0.000000        0.000000
        0.000000        0.000000        0.000000        0.000000        0.000000        0.000000        1.780292        0.000000        0.000000        0.000000        0.000000        0.000000        0.000000        0.000000        0.000000        0.000000        0.000000        0.000000        0.000000        0.000000        0.000000        0.000000        0.000000        0.000000        0.000000        0.000000        0.000000        0.000000        0.000000        0.000000        0.000000        0.000000        0.000000        0.000000        0.000000
        0.000000        0.000000        0.000000        0.000000        0.000000        0.000000        0.000000        1.771431        0.000000        0.000000        0.000000        0.000000        0.000000        0.000000        0.000000        0.000000        0.000000        0.000000        0.000000        0.000000        0.000000        0.000000        0.000000        0.000000        0.000000        0.000000        0.000000        0.000000        0.000000        0.000000        0.000000        0.000000        0.000000        0.000000        0.000000
        0.000000        0.000000        0.000000        0.000000        0.000000        0.000000        0.000000        0.000000        1.771431        0.000000        0.000000        0.000000        0.000000        0.000000        0.000000        0.000000        0.000000        0.000000        0.000000        0.000000        0.000000        0.000000        0.000000        0.000000        0.000000        0.000000        0.000000        0.000000        0.000000        0.000000        0.000000        0.000000        0.000000        0.000000        0.000000
        0.000000        0.000000        0.000000        0.000000        0.000000        0.000000        0.000000        0.000000        0.000000        1.687740        0.000000        0.000000        0.000000        0.000000        0.000000        0.000000        0.000000        0.000000        0.000000        0.000000        0.000000        0.000000        0.000000        0.000000        0.000000        0.000000        0.000000        0.000000        0.000000        0.000000        0.000000        0.000000        0.000000        0.000000        0.000000
        0.000000        0.000000        0.000000        0.000000        0.000000        0.000000        0.000000        0.000000        0.000000        0.000000        1.687740        0.000000        0.000000        0.000000        0.000000        0.000000        0.000000        0.000000        0.000000        0.000000        0.000000        0.000000        0.000000        0.000000        0.000000        0.000000        0.000000        0.000000        0.000000        0.000000        0.000000        0.000000        0.000000        0.000000        0.000000
        0.000000        0.000000        0.000000        0.000000        0.000000        0.000000        0.000000        0.000000        0.000000        0.000000        0.000000        1.687740        0.000000        0.000000        0.000000        0.000000        0.000000        0.000000        0.000000        0.000000        0.000000        0.000000        0.000000        0.000000        0.000000        0.000000        0.000000        0.000000        0.000000        0.000000        0.000000        0.000000        0.000000        0.000000        0.000000
        0.000000        0.000000        0.000000        0.000000        0.000000        0.000000        0.000000        0.000000        0.000000        0.000000        0.000000        0.000000        1.446367        0.000000        0.000000        0.000000        0.000000        0.000000        0.000000        0.000000        0.000000        0.000000        0.000000        0.000000        0.000000        0.000000        0.000000        0.000000        0.000000        0.000000        0.000000        0.000000        0.000000        0.000000        0.000000
        0.000000        0.000000        0.000000        0.000000        0.000000        0.000000        0.000000        0.000000        0.000000        0.000000        0.000000        0.000000        0.000000        1.446367        0.000000        0.000000        0.000000        0.000000        0.000000        0.000000        0.000000        0.000000        0.000000        0.000000        0.000000        0.000000        0.000000        0.000000        0.000000        0.000000        0.000000        0.000000        0.000000        0.000000        0.000000
        0.000000        0.000000        0.000000        0.000000        0.000000        0.000000        0.000000        0.000000        0.000000        0.000000        0.000000        0.000000        0.000000        0.000000        1.446367        0.000000        0.000000        0.000000        0.000000        0.000000        0.000000        0.000000        0.000000        0.000000        0.000000        0.000000        0.000000        0.000000        0.000000        0.000000        0.000000        0.000000        0.000000        0.000000        0.000000
        0.000000        0.000000        0.000000        0.000000        0.000000        0.000000        0.000000        0.000000        0.000000        0.000000        0.000000        0.000000        0.000000        0.000000        0.000000        1.343665        0.000000        0.000000        0.000000        0.000000        0.000000        0.000000        0.000000        0.000000        0.000000        0.000000        0.000000        0.000000        0.000000        0.000000        0.000000        0.000000        0.000000        0.000000        0.000000
        0.000000        0.000000        0.000000        0.000000        0.000000        0.000000        0.000000        0.000000        0.000000        0.000000        0.000000        0.000000        0.000000        0.000000        0.000000        0.000000        1.343665        0.000000        0.000000        0.000000        0.000000        0.000000        0.000000        0.000000        0.000000        0.000000        0.000000        0.000000        0.000000        0.000000        0.000000        0.000000        0.000000        0.000000        0.000000
        0.000000        0.000000        0.000000        0.000000        0.000000        0.000000        0.000000        0.000000        0.000000        0.000000        0.000000        0.000000        0.000000        0.000000        0.000000        0.000000        0.000000        1.343665        0.000000        0.000000        0.000000        0.000000        0.000000        0.000000        0.000000        0.000000        0.000000        0.000000        0.000000        0.000000        0.000000        0.000000        0.000000        0.000000        0.000000
        0.000000        0.000000        0.000000        0.000000        0.000000        0.000000        0.000000        0.000000        0.000000        0.000000        0.000000        0.000000        0.000000        0.000000        0.000000        0.000000        0.000000        0.000000        1.224745        0.000000        0.000000        0.000000        0.000000        0.000000        0.000000        0.000000        0.000000        0.000000        0.000000        0.000000        0.000000        0.000000        0.000000        0.000000        0.000000
        0.000000        0.000000        0.000000        0.000000        0.000000        0.000000        0.000000        0.000000        0.000000        0.000000        0.000000        0.000000        0.000000        0.000000        0.000000        0.000000        0.000000        0.000000        0.000000        1.224745        0.000000        0.000000        0.000000        0.000000        0.000000        0.000000        0.000000        0.000000        0.000000        0.000000        0.000000        0.000000        0.000000        0.000000        0.000000
        0.000000        0.000000        0.000000        0.000000        0.000000        0.000000        0.000000        0.000000        0.000000        0.000000        0.000000        0.000000        0.000000        0.000000        0.000000        0.000000        0.000000        0.000000        0.000000        0.000000        1.224745        0.000000        0.000000        0.000000        0.000000        0.000000        0.000000        0.000000        0.000000        0.000000        0.000000        0.000000        0.000000        0.000000        0.000000
        0.000000        0.000000        0.000000        0.000000        0.000000        0.000000        0.000000        0.000000        0.000000        0.000000        0.000000        0.000000        0.000000        0.000000        0.000000        0.000000        0.000000        0.000000        0.000000        0.000000        0.000000        1.104491        0.000000        0.000000        0.000000        0.000000        0.000000        0.000000        0.000000        0.000000        0.000000        0.000000        0.000000        0.000000        0.000000
        0.000000        0.000000        0.000000        0.000000        0.000000        0.000000        0.000000        0.000000        0.000000        0.000000        0.000000        0.000000        0.000000        0.000000        0.000000        0.000000        0.000000        0.000000        0.000000        0.000000        0.000000        0.000000        1.104491        0.000000        0.000000        0.000000        0.000000        0.000000        0.000000        0.000000        0.000000        0.000000        0.000000        0.000000        0.000000
        0.000000        0.000000        0.000000        0.000000        0.000000        0.000000        0.000000        0.000000        0.000000        0.000000        0.000000        0.000000        0.000000        0.000000        0.000000        0.000000        0.000000        0.000000        0.000000        0.000000        0.000000        0.000000        0.000000        1.104491        0.000000        0.000000        0.000000        0.000000        0.000000        0.000000        0.000000        0.000000        0.000000        0.000000        0.000000
        0.000000        0.000000        0.000000        0.000000        0.000000        0.000000        0.000000        0.000000        0.000000        0.000000        0.000000        0.000000        0.000000        0.000000        0.000000        0.000000        0.000000        0.000000        0.000000        0.000000        0.000000        0.000000        0.000000        0.000000        1.000000        0.000000        0.000000        0.000000        0.000000        0.000000        0.000000        0.000000        0.000000        0.000000        0.000000
        0.000000        0.000000        0.000000        0.000000        0.000000        0.000000        0.000000        0.000000        0.000000        0.000000        0.000000        0.000000        0.000000        0.000000        0.000000        0.000000        0.000000        0.000000        0.000000        0.000000        0.000000        0.000000        0.000000        0.000000        0.000000        0.992752        0.000000        0.000000        0.000000        0.000000        0.000000        0.000000        0.000000        0.000000        0.000000
        0.000000        0.000000        0.000000        0.000000        0.000000        0.000000        0.000000        0.000000        0.000000        0.000000        0.000000        0.000000        0.000000        0.000000        0.000000        0.000000        0.000000        0.000000        0.000000        0.000000        0.000000        0.000000        0.000000        0.000000        0.000000        0.000000        0.992752        0.000000        0.000000        0.000000        0.000000        0.000000        0.000000        0.000000        0.000000
        0.000000        0.000000        0.000000        0.000000        0.000000        0.000000        0.000000        0.000000        0.000000        0.000000        0.000000        0.000000        0.000000        0.000000        0.000000        0.000000        0.000000        0.000000        0.000000        0.000000        0.000000        0.000000        0.000000        0.000000        0.000000        0.000000        0.000000        0.919776        0.000000        0.000000        0.000000        0.000000        0.000000        0.000000        0.000000
        0.000000        0.000000        0.000000        0.000000        0.000000        0.000000        0.000000        0.000000        0.000000        0.000000        0.000000        0.000000        0.000000        0.000000        0.000000        0.000000        0.000000        0.000000        0.000000        0.000000        0.000000        0.000000        0.000000        0.000000        0.000000        0.000000        0.000000        0.000000        0.810578        0.000000        0.000000        0.000000        0.000000        0.000000        0.000000
        0.000000        0.000000        0.000000        0.000000        0.000000        0.000000        0.000000        0.000000        0.000000        0.000000        0.000000        0.000000        0.000000        0.000000        0.000000        0.000000        0.000000        0.000000        0.000000        0.000000        0.000000        0.000000        0.000000        0.000000        0.000000        0.000000        0.000000        0.000000        0.000000        0.810578        0.000000        0.000000        0.000000        0.000000        0.000000
        0.000000        0.000000        0.000000        0.000000        0.000000        0.000000        0.000000        0.000000        0.000000        0.000000        0.000000        0.000000        0.000000        0.000000        0.000000        0.000000        0.000000        0.000000        0.000000        0.000000        0.000000        0.000000        0.000000        0.000000        0.000000        0.000000        0.000000        0.000000        0.000000        0.000000        0.810578        0.000000        0.000000        0.000000        0.000000
        0.000000        0.000000        0.000000        0.000000        0.000000        0.000000        0.000000        0.000000        0.000000        0.000000        0.000000        0.000000        0.000000        0.000000        0.000000        0.000000        0.000000        0.000000        0.000000        0.000000        0.000000        0.000000        0.000000        0.000000        0.000000        0.000000        0.000000        0.000000        0.000000        0.000000        0.000000        0.526521        0.000000        0.000000        0.000000
        0.000000        0.000000        0.000000        0.000000        0.000000        0.000000        0.000000        0.000000        0.000000        0.000000        0.000000        0.000000        0.000000        0.000000        0.000000        0.000000        0.000000        0.000000        0.000000        0.000000        0.000000        0.000000        0.000000        0.000000        0.000000        0.000000        0.000000        0.000000        0.000000        0.000000        0.000000        0.000000        0.526521        0.000000        0.000000
        0.000000        0.000000        0.000000        0.000000        0.000000        0.000000        0.000000        0.000000        0.000000        0.000000        0.000000        0.000000        0.000000        0.000000        0.000000        0.000000        0.000000        0.000000        0.000000        0.000000        0.000000        0.000000        0.000000        0.000000        0.000000        0.000000        0.000000        0.000000        0.000000        0.000000        0.000000        0.000000        0.000000        0.526521        0.000000
        0.000000        0.000000        0.000000        0.000000        0.000000        0.000000        0.000000        0.000000        0.000000        0.000000        0.000000        0.000000        0.000000        0.000000        0.000000        0.000000        0.000000        0.000000        0.000000        0.000000        0.000000        0.000000        0.000000        0.000000        0.000000        0.000000        0.000000        0.000000        0.000000        0.000000        0.000000        0.000000        0.000000        0.000000        0.416902

 X matrix

       24.300039      -14.834078      -15.588170       -5.124068        0.000000        0.000000       -0.000000       -0.000000       -0.000000       -0.000000        0.000000       -0.000000       -0.000000        2.095361       -0.000000       -0.000000        2.095361        0.000000        2.095361        2.613646       -0.000000        0.000000        2.613646       -0.000000        2.613646        0.000000        0.000000        0.000000        0.000000        0.000000        0.000000        0.000000       -0.000000        0.000000        0.000000
      -14.834078       13.543820        7.551143        3.700783       -0.000000       -0.000000        0.000000        0.000000        0.000000       -0.000000       -0.000000        0.000000        0.000000       -2.447658        0.000000        0.000000       -2.447658       -0.000000       -2.447658       -1.498823        0.000000       -0.000000       -1.498823        0.000000       -1.498823       -0.000000       -0.000000        0.000000       -0.000000       -0.000000       -0.000000       -0.000000       -0.000000       -0.000000        0.000000
      -15.588170        7.551143       19.164772        1.248578       -0.000000       -0.000000       -0.000000        0.000000        0.000000        0.000000       -0.000000        0.000000       -0.000000       -1.655470        0.000000        0.000000       -1.655470       -0.000000       -1.655470       -3.880240        0.000000       -0.000000       -3.880240       -0.000000       -3.880240       -0.000000       -0.000000       -0.000000       -0.000000       -0.000000       -0.000000       -0.000000        0.000000       -0.000000       -0.000000
       -5.124068        3.700783        1.248578        3.004134       -0.000000        0.000000       -0.000000        0.000000       -0.000000        0.000000       -0.000000        0.000000       -0.000000       -0.424915       -0.000000        0.000000       -0.424915       -0.000000       -0.424915       -0.357837        0.000000       -0.000000       -0.357837        0.000000       -0.357837       -0.000000       -0.000000        0.000000       -0.000000        0.000000       -0.000000        0.000000       -0.000000       -0.000000       -0.000000
        0.000000       -0.000000       -0.000000       -0.000000        2.428707       -0.000000       -0.000000       -4.862688        0.000000        0.000000        0.310340       -0.000000       -0.000000        0.000000        0.000000       -0.000000        0.000000       -0.000000        0.000000        0.000000       -0.000000        0.000000        0.000000        0.000000        0.000000        2.331399       -0.000000       -0.000000        1.044484       -0.000000        1.044484       -0.000000       -0.000000       -0.000000       -0.000000
        0.000000       -0.000000       -0.000000        0.000000       -0.000000        2.428707        0.000000        0.000000       -4.862688       -0.000000       -0.000000        0.310340        0.000000        0.000000       -0.000000        0.000000        0.000000       -0.000000        0.000000        0.000000        0.000000        0.000000        0.000000        0.000000        0.000000       -0.000000        1.044484        0.000000       -0.000000       -0.000000       -0.000000        2.331399        0.000000        1.044484        0.000000
       -0.000000        0.000000       -0.000000       -0.000000       -0.000000        0.000000        2.428707        0.000000       -0.000000       -4.862688       -0.000000        0.000000        0.310340       -0.000000        0.000000       -0.000000       -0.000000        0.000000       -0.000000       -0.000000        0.000000       -0.000000       -0.000000        0.000000       -0.000000       -0.000000        0.000000        1.044484       -0.000000       -0.000000       -0.000000        0.000000        1.044484        0.000000        2.331399
       -0.000000        0.000000        0.000000        0.000000       -4.862688        0.000000        0.000000       17.946240       -0.000000       -0.000000       -1.076876        0.000000        0.000000       -0.000000       -0.000000        0.000000       -0.000000        0.000000       -0.000000       -0.000000        0.000000       -0.000000       -0.000000       -0.000000       -0.000000       -9.096818        0.000000        0.000000       -4.141615        0.000000       -4.141615        0.000000        0.000000        0.000000        0.000000
       -0.000000        0.000000        0.000000       -0.000000        0.000000       -4.862688       -0.000000       -0.000000       17.946240        0.000000        0.000000       -1.076876       -0.000000       -0.000000       -0.000000        0.000000       -0.000000        0.000000       -0.000000       -0.000000        0.000000       -0.000000       -0.000000       -0.000000       -0.000000        0.000000       -4.141615       -0.000000        0.000000        0.000000        0.000000       -9.096818       -0.000000       -4.141615       -0.000000
       -0.000000       -0.000000        0.000000        0.000000        0.000000       -0.000000       -4.862688       -0.000000        0.000000       17.946240        0.000000       -0.000000       -1.076876        0.000000       -0.000000        0.000000        0.000000        0.000000        0.000000        0.000000       -0.000000        0.000000        0.000000        0.000000        0.000000        0.000000       -0.000000       -4.141615        0.000000        0.000000        0.000000       -0.000000       -4.141615       -0.000000       -9.096818
        0.000000       -0.000000       -0.000000       -0.000000        0.310340       -0.000000       -0.000000       -1.076876        0.000000        0.000000        1.391015       -0.000000       -0.000000        0.000000       -0.000000        0.000000        0.000000       -0.000000        0.000000        0.000000        0.000000        0.000000        0.000000        0.000000        0.000000        0.163569       -0.000000       -0.000000        0.052308       -0.000000        0.052308       -0.000000       -0.000000       -0.000000       -0.000000
       -0.000000        0.000000        0.000000        0.000000       -0.000000        0.310340        0.000000        0.000000       -1.076876       -0.000000       -0.000000        1.391015        0.000000       -0.000000       -0.000000        0.000000       -0.000000        0.000000        0.000000       -0.000000       -0.000000       -0.000000       -0.000000       -0.000000       -0.000000       -0.000000        0.052308        0.000000       -0.000000        0.000000       -0.000000        0.163569        0.000000        0.052308        0.000000
       -0.000000        0.000000       -0.000000       -0.000000       -0.000000        0.000000        0.310340        0.000000       -0.000000       -1.076876       -0.000000        0.000000        1.391015       -0.000000        0.000000       -0.000000       -0.000000       -0.000000       -0.000000       -0.000000        0.000000       -0.000000       -0.000000       -0.000000       -0.000000       -0.000000        0.000000        0.052308       -0.000000        0.000000       -0.000000        0.000000        0.052308        0.000000        0.163569
        2.095361       -2.447658       -1.655470       -0.424915        0.000000        0.000000       -0.000000       -0.000000       -0.000000        0.000000        0.000000       -0.000000       -0.000000        1.821495        0.000000       -0.000000        0.439404       -0.000000        0.439404        0.090625       -0.000000        0.000000        0.479965        0.000000        0.479965        0.000000        0.000000       -0.000000        0.000000        0.000000        0.000000        0.000000        0.000000        0.000000       -0.000000
       -0.000000        0.000000        0.000000       -0.000000        0.000000       -0.000000        0.000000       -0.000000       -0.000000       -0.000000       -0.000000       -0.000000        0.000000        0.000000        1.128473       -0.000000       -0.000000       -0.000000       -0.000000       -0.000000       -0.317895        0.000000       -0.000000        0.000000       -0.000000        0.000000        0.000000       -0.000000        0.000000        0.000000        0.000000       -0.000000        0.000000        0.000000       -0.000000
       -0.000000        0.000000        0.000000        0.000000       -0.000000        0.000000       -0.000000        0.000000        0.000000        0.000000        0.000000        0.000000       -0.000000       -0.000000       -0.000000        1.128473       -0.000000       -0.000000       -0.000000       -0.000000       -0.000000       -0.317895       -0.000000        0.000000       -0.000000       -0.000000       -0.000000       -0.000000       -0.000000       -0.000000       -0.000000        0.000000        0.000000        0.000000        0.000000
        2.095361       -2.447658       -1.655470       -0.424915        0.000000        0.000000       -0.000000       -0.000000       -0.000000        0.000000        0.000000       -0.000000       -0.000000        0.439404       -0.000000       -0.000000        1.821495        0.000000        0.439404        0.479965       -0.000000        0.000000        0.090625        0.000000        0.479965        0.000000        0.000000       -0.000000        0.000000        0.000000        0.000000        0.000000       -0.000000        0.000000       -0.000000
        0.000000       -0.000000       -0.000000       -0.000000       -0.000000       -0.000000        0.000000        0.000000        0.000000        0.000000       -0.000000        0.000000       -0.000000       -0.000000       -0.000000       -0.000000        0.000000        1.128473        0.000000        0.000000        0.000000        0.000000       -0.000000       -0.317895        0.000000       -0.000000       -0.000000        0.000000       -0.000000        0.000000       -0.000000       -0.000000       -0.000000        0.000000        0.000000
        2.095361       -2.447658       -1.655470       -0.424915        0.000000        0.000000       -0.000000       -0.000000       -0.000000        0.000000        0.000000        0.000000       -0.000000        0.439404       -0.000000       -0.000000        0.439404        0.000000        1.821495        0.479965        0.000000        0.000000        0.479965       -0.000000        0.090625        0.000000        0.000000       -0.000000        0.000000        0.000000        0.000000        0.000000        0.000000        0.000000       -0.000000
        2.613646       -1.498823       -3.880240       -0.357837        0.000000        0.000000       -0.000000       -0.000000       -0.000000        0.000000        0.000000       -0.000000       -0.000000        0.090625       -0.000000       -0.000000        0.479965        0.000000        0.479965        2.168472        0.000000        0.000000        0.786381        0.000000        0.786381        0.000000        0.000000        0.000000        0.000000        0.000000        0.000000        0.000000       -0.000000        0.000000       -0.000000
       -0.000000        0.000000        0.000000        0.000000       -0.000000        0.000000        0.000000        0.000000        0.000000       -0.000000        0.000000       -0.000000        0.000000       -0.000000       -0.317895       -0.000000       -0.000000        0.000000        0.000000        0.000000        1.128473       -0.000000       -0.000000       -0.000000       -0.000000       -0.000000       -0.000000        0.000000       -0.000000        0.000000       -0.000000        0.000000       -0.000000        0.000000       -0.000000
        0.000000       -0.000000       -0.000000       -0.000000        0.000000        0.000000       -0.000000       -0.000000       -0.000000        0.000000        0.000000       -0.000000       -0.000000        0.000000        0.000000       -0.317895        0.000000        0.000000        0.000000        0.000000       -0.000000        1.128473        0.000000        0.000000        0.000000        0.000000        0.000000       -0.000000        0.000000       -0.000000        0.000000       -0.000000        0.000000       -0.000000       -0.000000
        2.613646       -1.498823       -3.880240       -0.357837        0.000000        0.000000       -0.000000       -0.000000       -0.000000        0.000000        0.000000       -0.000000       -0.000000        0.479965       -0.000000       -0.000000        0.090625       -0.000000        0.479965        0.786381       -0.000000        0.000000        2.168472        0.000000        0.786381        0.000000        0.000000       -0.000000        0.000000        0.000000        0.000000        0.000000       -0.000000        0.000000       -0.000000
       -0.000000        0.000000       -0.000000        0.000000        0.000000        0.000000        0.000000       -0.000000       -0.000000        0.000000        0.000000       -0.000000       -0.000000        0.000000        0.000000        0.000000        0.000000       -0.317895       -0.000000        0.000000       -0.000000        0.000000        0.000000        1.128473        0.000000        0.000000        0.000000        0.000000        0.000000       -0.000000        0.000000        0.000000       -0.000000        0.000000       -0.000000
        2.613646       -1.498823       -3.880240       -0.357837        0.000000        0.000000       -0.000000       -0.000000       -0.000000        0.000000        0.000000       -0.000000       -0.000000        0.479965       -0.000000       -0.000000        0.479965        0.000000        0.090625        0.786381       -0.000000        0.000000        0.786381        0.000000        2.168472        0.000000        0.000000       -0.000000        0.000000        0.000000        0.000000        0.000000       -0.000000        0.000000       -0.000000
        0.000000       -0.000000       -0.000000       -0.000000        2.331399       -0.000000       -0.000000       -9.096818        0.000000        0.000000        0.163569       -0.000000       -0.000000        0.000000        0.000000       -0.000000        0.000000       -0.000000        0.000000        0.000000       -0.000000        0.000000        0.000000        0.000000        0.000000        6.045343       -0.000000       -0.000000        2.001936       -0.000000        2.001936       -0.000000       -0.000000       -0.000000       -0.000000
        0.000000       -0.000000       -0.000000       -0.000000       -0.000000        1.044484        0.000000        0.000000       -4.141615       -0.000000       -0.000000        0.052308        0.000000        0.000000        0.000000       -0.000000        0.000000       -0.000000        0.000000        0.000000       -0.000000        0.000000        0.000000        0.000000        0.000000       -0.000000        2.120813        0.000000       -0.000000       -0.000000       -0.000000        2.001936        0.000000        0.896068        0.000000
        0.000000        0.000000       -0.000000        0.000000       -0.000000        0.000000        1.044484        0.000000       -0.000000       -4.141615       -0.000000        0.000000        0.052308       -0.000000       -0.000000       -0.000000       -0.000000        0.000000       -0.000000        0.000000        0.000000       -0.000000       -0.000000        0.000000       -0.000000       -0.000000        0.000000        2.120813       -0.000000        0.000000       -0.000000        0.000000        0.896068        0.000000        2.001936
        0.000000       -0.000000       -0.000000       -0.000000        1.044484       -0.000000       -0.000000       -4.141615        0.000000        0.000000        0.052308       -0.000000       -0.000000        0.000000        0.000000       -0.000000        0.000000       -0.000000        0.000000        0.000000       -0.000000        0.000000        0.000000        0.000000        0.000000        2.001936       -0.000000       -0.000000        2.120813       -0.000000        0.896068       -0.000000       -0.000000       -0.000000       -0.000000
        0.000000       -0.000000       -0.000000        0.000000       -0.000000       -0.000000       -0.000000        0.000000        0.000000        0.000000       -0.000000        0.000000        0.000000        0.000000        0.000000       -0.000000        0.000000        0.000000        0.000000        0.000000        0.000000       -0.000000        0.000000       -0.000000        0.000000       -0.000000       -0.000000        0.000000       -0.000000        1.000000       -0.000000       -0.000000       -0.000000       -0.000000        0.000000
        0.000000       -0.000000       -0.000000       -0.000000        1.044484       -0.000000       -0.000000       -4.141615        0.000000        0.000000        0.052308       -0.000000       -0.000000        0.000000        0.000000       -0.000000        0.000000       -0.000000        0.000000        0.000000       -0.000000        0.000000        0.000000        0.000000        0.000000        2.001936       -0.000000       -0.000000        0.896068       -0.000000        2.120813       -0.000000       -0.000000       -0.000000       -0.000000
        0.000000       -0.000000       -0.000000        0.000000       -0.000000        2.331399        0.000000        0.000000       -9.096818       -0.000000       -0.000000        0.163569        0.000000        0.000000       -0.000000        0.000000        0.000000       -0.000000        0.000000        0.000000        0.000000       -0.000000        0.000000        0.000000        0.000000       -0.000000        2.001936        0.000000       -0.000000       -0.000000       -0.000000        6.045343        0.000000        2.001936        0.000000
       -0.000000       -0.000000        0.000000       -0.000000       -0.000000        0.000000        1.044484        0.000000       -0.000000       -4.141615       -0.000000        0.000000        0.052308        0.000000        0.000000        0.000000       -0.000000       -0.000000        0.000000       -0.000000       -0.000000        0.000000       -0.000000       -0.000000       -0.000000       -0.000000        0.000000        0.896068       -0.000000       -0.000000       -0.000000        0.000000        2.120813        0.000000        2.001936
        0.000000       -0.000000       -0.000000       -0.000000       -0.000000        1.044484        0.000000        0.000000       -4.141615       -0.000000       -0.000000        0.052308        0.000000        0.000000        0.000000        0.000000        0.000000        0.000000        0.000000        0.000000        0.000000       -0.000000        0.000000        0.000000        0.000000       -0.000000        0.896068        0.000000       -0.000000       -0.000000       -0.000000        2.001936        0.000000        2.120813        0.000000
        0.000000        0.000000       -0.000000       -0.000000       -0.000000        0.000000        2.331399        0.000000       -0.000000       -9.096818       -0.000000        0.000000        0.163569       -0.000000       -0.000000        0.000000       -0.000000        0.000000       -0.000000       -0.000000       -0.000000       -0.000000       -0.000000       -0.000000       -0.000000       -0.000000        0.000000        2.001936       -0.000000        0.000000       -0.000000        0.000000        2.001936        0.000000        6.045343
